0.11
0.01
0.06
0.00
0.00
0.00
0.00
0.00
0.00
0.00
0.07
0.00
0.02
0.00
0.01
0.00
0.00
0.00
0.01
0.01
0.42
0.00
0.00
0.00
0.03
0.00
0.02
0.00
0.00
0.00
0.00
0.00
0.06
0.00
0.01
0.00
0.00
0.00
0.02
0.00
0.01
0.00
0.06
0.00
0.10
0.01
0.18
0.01
0.09
0.00
0.03
0.00
0.33
0.00
0.10
0.01
2.64
0.00
0.01
0.00
0.97
0.00
0.58
0.00
0.04
0.00
0.63
0.00
0.39
0.00
0.07
0.00
0.06
0.00
0.01
0.00
0.01
0.00
0.01
0.00
0.00
0.00
0.00
0.00
1.21
0.00
0.18
0.00
0.01
0.00
0.03
0.00
0.01
0.00
0.11
0.01
0.86
0.01
0.82
0.00
0.01
0.00
0.05
0.00
0.03
0.00
0.01
0.00
0.03
0.00
0.03
0.00
0.01
0.00
0.01
0.00
0.15
0.00
1.47
0.00
0.02
